1 1 1 
2 1 1 2 
3 1 1 2 3 
4 1 1 2 3 4 
5 1 1 2 3 4 5 
6 1 1 2 3 4 5 6 
7 1 1 2 3 4 5 6 7 
8 1 1 2 3 4 5 6 7 8 
9 1 1 2 3 4 5 6 7 8 9 
10 1 1 2 3 4 5 6 7 8 9 10 
1 2 2
2 2 2 2 
3 2 1 3 3 
4 2 1 2 4 4 
5 2 1 2 3 5 5 
6 2 1 2 3 4 6 6 
7 2 1 2 3 4 5 7 7 
8 2 1 2 3 4 5 6 8 8 
9 2 1 2 3 4 5 6 7 9 9 
10 2 1 2 3 4 5 6 7 8 10 10 
1 3 3
2 3 1 4 
3 3 1 2 5 
4 3 1 2 3 6 
5 3 1 2 3 4 7 
6 3 1 2 3 4 5 8 
7 3 1 2 3 4 5 6 9 
8 3 1 2 3 4 5 6 7 10 
9 3 1 2 3 4 5 6 7 8 11 
10 3 1 2 3 4 5 6 7 8 9 12 
1 4 4 
2 4 2 3 
3 4 2 3 3 
4 4 2 2 4 4 
5 4 1 3 3 5 5 
6 4 1 2 4 4 6 6 
7 4 1 2 3 5 5 7 7 
8 4 1 2 3 4 6 6 8 8 
9 4 1 2 3 4 5 7 7 9 9 
10 4 1 2 3 4 5 6 8 8 10 10 
1 5 5
2 5 1 6 
3 5 1 2 7 
4 5 1 2 3 8 
5 5 1 2 3 4 9 
6 5 1 2 3 4 5 10 
7 5 1 2 3 4 5 6 11 
8 5 1 2 3 4 5 6 7 12 
9 5 1 2 3 4 5 6 7 8 13 
10 5 1 2 3 4 5 6 7 8 9 14 
1 6 6 
2 6 3 3 
3 6 3 3 3 
4 6 1 4 4 4 
5 6 1 2 5 5 5 
6 6 1 2 3 6 6 6 
7 6 1 2 3 4 7 7 7 
8 6 1 2 3 4 5 8 8 8 
9 6 1 2 3 4 5 6 9 9 9 
10 6 1 2 3 4 5 6 7 10 10 10 
1 7 7
2 7 1 8 
3 7 1 2 9 
4 7 1 2 3 10 
5 7 1 2 3 4 11 
6 7 1 2 3 4 5 12 
7 7 1 2 3 4 5 6 13 
8 7 1 2 3 4 5 6 7 14 
9 7 1 2 3 4 5 6 7 8 15 
10 7 1 2 3 4 5 6 7 8 9 16 
1 8 8 
2 8 2 5 
3 8 2 3 4 
4 8 2 3 4 4 
5 8 2 3 3 5 5 
6 8 2 2 4 4 6 6 
7 8 1 3 3 5 5 7 7 
8 8 1 2 4 4 6 6 8 8 
9 8 1 2 3 5 5 7 7 9 9 
10 8 1 2 3 4 6 6 8 8 10 10 
1 9 9 
2 9 3 4 
3 9 1 4 5 
4 9 1 2 5 6 
5 9 1 2 3 6 7 
6 9 1 2 3 4 7 8 
7 9 1 2 3 4 5 8 9 
8 9 1 2 3 4 5 6 9 10 
9 9 1 2 3 4 5 6 7 10 11 
10 9 1 2 3 4 5 6 7 8 11 12 
1 10 10 
2 10 2 6 
3 10 2 2 7 
4 10 1 3 3 8 
5 10 1 2 4 4 9 
6 10 1 2 3 5 5 10 
7 10 1 2 3 4 6 6 11 
8 10 1 2 3 4 5 7 7 12 
9 10 1 2 3 4 5 6 8 8 13 
10 10 1 2 3 4 5 6 7 9 9 14 
1 11 11
2 11 1 12 
3 11 1 2 13 
4 11 1 2 3 14 
5 11 1 2 3 4 15 
6 11 1 2 3 4 5 16 
7 11 1 2 3 4 5 6 17 
8 11 1 2 3 4 5 6 7 18 
9 11 1 2 3 4 5 6 7 8 19 
10 11 1 2 3 4 5 6 7 8 9 20 
1 12 12 
2 12 4 4 
3 12 2 4 4 
4 12 2 4 4 4 
5 12 2 2 5 5 5 
6 12 1 3 3 6 6 6 
7 12 1 2 4 4 7 7 7 
8 12 1 2 3 5 5 8 8 8 
9 12 1 2 3 4 6 6 9 9 9 
10 12 1 2 3 4 5 7 7 10 10 10 
1 13 13
2 13 1 14 
3 13 1 2 15 
4 13 1 2 3 16 
5 13 1 2 3 4 17 
6 13 1 2 3 4 5 18 
7 13 1 2 3 4 5 6 19 
8 13 1 2 3 4 5 6 7 20 
9 13 1 2 3 4 5 6 7 8 21 
10 13 1 2 3 4 5 6 7 8 9 22 
1 14 14 
2 14 2 8 
3 14 2 2 9 
4 14 1 3 3 10 
5 14 1 2 4 4 11 
6 14 1 2 3 5 5 12 
7 14 1 2 3 4 6 6 13 
8 14 1 2 3 4 5 7 7 14 
9 14 1 2 3 4 5 6 8 8 15 
10 14 1 2 3 4 5 6 7 9 9 16 
1 15 15 
2 15 3 6 
3 15 1 4 7 
4 15 1 2 5 8 
5 15 1 2 3 6 9 
6 15 1 2 3 4 7 10 
7 15 1 2 3 4 5 8 11 
8 15 1 2 3 4 5 6 9 12 
9 15 1 2 3 4 5 6 7 10 13 
10 15 1 2 3 4 5 6 7 8 11 14 
1 16 16 
2 16 4 5 
3 16 2 3 6 
4 16 2 3 4 5 
5 16 2 3 4 5 5 
6 16 2 3 4 4 6 6 
7 16 2 3 3 5 5 7 7 
8 16 2 2 4 4 6 6 8 8 
9 16 1 3 3 5 5 7 7 9 9 
10 16 1 2 4 4 6 6 8 8 10 10 
1 17 17
2 17 1 18 
3 17 1 2 19 
4 17 1 2 3 20 
5 17 1 2 3 4 21 
6 17 1 2 3 4 5 22 
7 17 1 2 3 4 5 6 23 
8 17 1 2 3 4 5 6 7 24 
9 17 1 2 3 4 5 6 7 8 25 
10 17 1 2 3 4 5 6 7 8 9 26 
1 18 18 
2 18 3 7 
3 18 3 4 4 
4 18 3 4 4 4 
5 18 1 4 5 5 5 
6 18 1 2 5 6 6 6 
7 18 1 2 3 6 7 7 7 
8 18 1 2 3 4 7 8 8 8 
9 18 1 2 3 4 5 8 9 9 9 
10 18 1 2 3 4 5 6 9 10 10 10 
1 19 19
2 19 1 20 
3 19 1 2 21 
4 19 1 2 3 22 
5 19 1 2 3 4 23 
6 19 1 2 3 4 5 24 
7 19 1 2 3 4 5 6 25 
8 19 1 2 3 4 5 6 7 26 
9 19 1 2 3 4 5 6 7 8 27 
10 19 1 2 3 4 5 6 7 8 9 28 
1 20 20 
2 20 5 5 
3 20 1 6 6 
4 20 1 2 7 7 
5 20 1 2 3 8 8 
6 20 1 2 3 4 9 9 
7 20 1 2 3 4 5 10 10 
8 20 1 2 3 4 5 6 11 11 
9 20 1 2 3 4 5 6 7 12 12 
10 20 1 2 3 4 5 6 7 8 13 13 
1 21 21 
2 21 3 8 
3 21 1 4 9 
4 21 1 2 5 10 
5 21 1 2 3 6 11 
6 21 1 2 3 4 7 12 
7 21 1 2 3 4 5 8 13 
8 21 1 2 3 4 5 6 9 14 
9 21 1 2 3 4 5 6 7 10 15 
10 21 1 2 3 4 5 6 7 8 11 16 
1 22 22 
2 22 2 12 
3 22 2 2 13 
4 22 1 3 3 14 
5 22 1 2 4 4 15 
6 22 1 2 3 5 5 16 
7 22 1 2 3 4 6 6 17 
8 22 1 2 3 4 5 7 7 18 
9 22 1 2 3 4 5 6 8 8 19 
10 22 1 2 3 4 5 6 7 9 9 20 
1 23 23
2 23 1 24 
3 23 1 2 25 
4 23 1 2 3 26 
5 23 1 2 3 4 27 
6 23 1 2 3 4 5 28 
7 23 1 2 3 4 5 6 29 
8 23 1 2 3 4 5 6 7 30 
9 23 1 2 3 4 5 6 7 8 31 
10 23 1 2 3 4 5 6 7 8 9 32 
1 24 24 
2 24 4 7 
3 24 4 4 4 
4 24 4 4 4 4 
5 24 1 5 5 5 5 
6 24 1 2 6 6 6 6 
7 24 1 2 3 7 7 7 7 
8 24 1 2 3 4 8 8 8 8 
9 24 1 2 3 4 5 9 9 9 9 
10 24 1 2 3 4 5 6 10 10 10 10 
1 25 25 
2 25 5 6 
3 25 1 6 7 
4 25 1 2 7 8 
5 25 1 2 3 8 9 
6 25 1 2 3 4 9 10 
7 25 1 2 3 4 5 10 11 
8 25 1 2 3 4 5 6 11 12 
9 25 1 2 3 4 5 6 7 12 13 
10 25 1 2 3 4 5 6 7 8 13 14 
1 26 26 
2 26 2 14 
3 26 2 2 15 
4 26 1 3 3 16 
5 26 1 2 4 4 17 
6 26 1 2 3 5 5 18 
7 26 1 2 3 4 6 6 19 
8 26 1 2 3 4 5 7 7 20 
9 26 1 2 3 4 5 6 8 8 21 
10 26 1 2 3 4 5 6 7 9 9 22 
1 27 27 
2 27 3 10 
3 27 3 4 5 
4 27 1 4 5 6 
5 27 1 2 5 6 7 
6 27 1 2 3 6 7 8 
7 27 1 2 3 4 7 8 9 
8 27 1 2 3 4 5 8 9 10 
9 27 1 2 3 4 5 6 9 10 11 
10 27 1 2 3 4 5 6 7 10 11 12 
1 28 28 
2 28 4 8 
3 28 2 3 9 
4 28 2 3 3 10 
5 28 2 2 4 4 11 
6 28 1 3 3 5 5 12 
7 28 1 2 4 4 6 6 13 
8 28 1 2 3 5 5 7 7 14 
9 28 1 2 3 4 6 6 8 8 15 
10 28 1 2 3 4 5 7 7 9 9 16 
1 29 29
2 29 1 30 
3 29 1 2 31 
4 29 1 2 3 32 
5 29 1 2 3 4 33 
6 29 1 2 3 4 5 34 
7 29 1 2 3 4 5 6 35 
8 29 1 2 3 4 5 6 7 36 
9 29 1 2 3 4 5 6 7 8 37 
10 29 1 2 3 4 5 6 7 8 9 38 
1 30 30 
2 30 6 6 
3 30 1 7 7 
4 30 1 2 8 8 
5 30 1 2 3 9 9 
6 30 1 2 3 4 10 10 
7 30 1 2 3 4 5 11 11 
8 30 1 2 3 4 5 6 12 12 
9 30 1 2 3 4 5 6 7 13 13 
10 30 1 2 3 4 5 6 7 8 14 14 
1 31 31
2 31 1 32 
3 31 1 2 33 
4 31 1 2 3 34 
5 31 1 2 3 4 35 
6 31 1 2 3 4 5 36 
7 31 1 2 3 4 5 6 37 
8 31 1 2 3 4 5 6 7 38 
9 31 1 2 3 4 5 6 7 8 39 
10 31 1 2 3 4 5 6 7 8 9 40 
1 32 32 
2 32 4 9 
3 32 2 5 6 
4 32 2 3 4 7 
5 32 2 3 4 5 6 
6 32 2 3 4 5 6 6 
7 32 2 3 4 5 5 7 7 
8 32 2 3 4 4 6 6 8 8 
9 32 2 3 3 5 5 7 7 9 9 
10 32 2 2 4 4 6 6 8 8 10 10 
1 33 33 
2 33 3 12 
3 33 1 4 13 
4 33 1 2 5 14 
5 33 1 2 3 6 15 
6 33 1 2 3 4 7 16 
7 33 1 2 3 4 5 8 17 
8 33 1 2 3 4 5 6 9 18 
9 33 1 2 3 4 5 6 7 10 19 
10 33 1 2 3 4 5 6 7 8 11 20 
1 34 34 
2 34 2 18 
3 34 2 2 19 
4 34 1 3 3 20 
5 34 1 2 4 4 21 
6 34 1 2 3 5 5 22 
7 34 1 2 3 4 6 6 23 
8 34 1 2 3 4 5 7 7 24 
9 34 1 2 3 4 5 6 8 8 25 
10 34 1 2 3 4 5 6 7 9 9 26 
1 35 35 
2 35 5 8 
3 35 1 6 9 
4 35 1 2 7 10 
5 35 1 2 3 8 11 
6 35 1 2 3 4 9 12 
7 35 1 2 3 4 5 10 13 
8 35 1 2 3 4 5 6 11 14 
9 35 1 2 3 4 5 6 7 12 15 
10 35 1 2 3 4 5 6 7 8 13 16 
1 36 36 
2 36 6 7 
3 36 3 5 5 
4 36 3 3 5 5 
5 36 3 3 5 5 5 
6 36 3 3 3 6 6 6 
7 36 1 4 4 4 7 7 7 
8 36 1 2 5 5 5 8 8 8 
9 36 1 2 3 6 6 6 9 9 9 
10 36 1 2 3 4 7 7 7 10 10 10 
1 37 37
2 37 1 38 
3 37 1 2 39 
4 37 1 2 3 40 
5 37 1 2 3 4 41 
6 37 1 2 3 4 5 42 
7 37 1 2 3 4 5 6 43 
8 37 1 2 3 4 5 6 7 44 
9 37 1 2 3 4 5 6 7 8 45 
10 37 1 2 3 4 5 6 7 8 9 46 
1 38 38 
2 38 2 20 
3 38 2 2 21 
4 38 1 3 3 22 
5 38 1 2 4 4 23 
6 38 1 2 3 5 5 24 
7 38 1 2 3 4 6 6 25 
8 38 1 2 3 4 5 7 7 26 
9 38 1 2 3 4 5 6 8 8 27 
10 38 1 2 3 4 5 6 7 9 9 28 
1 39 39 
2 39 3 14 
3 39 1 4 15 
4 39 1 2 5 16 
5 39 1 2 3 6 17 
6 39 1 2 3 4 7 18 
7 39 1 2 3 4 5 8 19 
8 39 1 2 3 4 5 6 9 20 
9 39 1 2 3 4 5 6 7 10 21 
10 39 1 2 3 4 5 6 7 8 11 22 
1 40 40 
2 40 5 9 
3 40 2 6 6 
4 40 2 2 7 7 
5 40 1 3 3 8 8 
6 40 1 2 4 4 9 9 
7 40 1 2 3 5 5 10 10 
8 40 1 2 3 4 6 6 11 11 
9 40 1 2 3 4 5 7 7 12 12 
10 40 1 2 3 4 5 6 8 8 13 13 
1 41 41
2 41 1 42 
3 41 1 2 43 
4 41 1 2 3 44 
5 41 1 2 3 4 45 
6 41 1 2 3 4 5 46 
7 41 1 2 3 4 5 6 47 
8 41 1 2 3 4 5 6 7 48 
9 41 1 2 3 4 5 6 7 8 49 
10 41 1 2 3 4 5 6 7 8 9 50 
1 42 42 
2 42 7 7 
3 42 1 8 8 
4 42 1 2 9 9 
5 42 1 2 3 10 10 
6 42 1 2 3 4 11 11 
7 42 1 2 3 4 5 12 12 
8 42 1 2 3 4 5 6 13 13 
9 42 1 2 3 4 5 6 7 14 14 
10 42 1 2 3 4 5 6 7 8 15 15 
1 43 43
2 43 1 44 
3 43 1 2 45 
4 43 1 2 3 46 
5 43 1 2 3 4 47 
6 43 1 2 3 4 5 48 
7 43 1 2 3 4 5 6 49 
8 43 1 2 3 4 5 6 7 50 
9 43 1 2 3 4 5 6 7 8 51 
10 43 1 2 3 4 5 6 7 8 9 52 
1 44 44 
2 44 4 12 
3 44 2 3 13 
4 44 2 3 3 14 
5 44 2 2 4 4 15 
6 44 1 3 3 5 5 16 
7 44 1 2 4 4 6 6 17 
8 44 1 2 3 5 5 7 7 18 
9 44 1 2 3 4 6 6 8 8 19 
10 44 1 2 3 4 5 7 7 9 9 20 
1 45 45 
2 45 5 10 
3 45 3 4 7 
4 45 1 4 5 8 
5 45 1 2 5 6 9 
6 45 1 2 3 6 7 10 
7 45 1 2 3 4 7 8 11 
8 45 1 2 3 4 5 8 9 12 
9 45 1 2 3 4 5 6 9 10 13 
10 45 1 2 3 4 5 6 7 10 11 14 
1 46 46 
2 46 2 24 
3 46 2 2 25 
4 46 1 3 3 26 
5 46 1 2 4 4 27 
6 46 1 2 3 5 5 28 
7 46 1 2 3 4 6 6 29 
8 46 1 2 3 4 5 7 7 30 
9 46 1 2 3 4 5 6 8 8 31 
10 46 1 2 3 4 5 6 7 9 9 32 
1 47 47
2 47 1 48 
3 47 1 2 49 
4 47 1 2 3 50 
5 47 1 2 3 4 51 
6 47 1 2 3 4 5 52 
7 47 1 2 3 4 5 6 53 
8 47 1 2 3 4 5 6 7 54 
9 47 1 2 3 4 5 6 7 8 55 
10 47 1 2 3 4 5 6 7 8 9 56 
1 48 48 
2 48 6 9 
3 48 4 5 5 
4 48 2 5 5 5 
5 48 2 5 5 5 5 
6 48 2 2 6 6 6 6 
7 48 1 3 3 7 7 7 7 
8 48 1 2 4 4 8 8 8 8 
9 48 1 2 3 5 5 9 9 9 9 
10 48 1 2 3 4 6 6 10 10 10 10 
1 49 49 
2 49 7 8 
3 49 1 8 9 
4 49 1 2 9 10 
5 49 1 2 3 10 11 
6 49 1 2 3 4 11 12 
7 49 1 2 3 4 5 12 13 
8 49 1 2 3 4 5 6 13 14 
9 49 1 2 3 4 5 6 7 14 15 
10 49 1 2 3 4 5 6 7 8 15 16 
1 50 50 
2 50 5 11 
3 50 2 6 7 
4 50 2 2 7 8 
5 50 1 3 3 8 9 
6 50 1 2 4 4 9 10 
7 50 1 2 3 5 5 10 11 
8 50 1 2 3 4 6 6 11 12 
9 50 1 2 3 4 5 7 7 12 13 
10 50 1 2 3 4 5 6 8 8 13 14 
1 51 51 
2 51 3 18 
3 51 1 4 19 
4 51 1 2 5 20 
5 51 1 2 3 6 21 
6 51 1 2 3 4 7 22 
7 51 1 2 3 4 5 8 23 
8 51 1 2 3 4 5 6 9 24 
9 51 1 2 3 4 5 6 7 10 25 
10 51 1 2 3 4 5 6 7 8 11 26 
1 52 52 
2 52 4 14 
3 52 2 3 15 
4 52 2 3 3 16 
5 52 2 2 4 4 17 
6 52 1 3 3 5 5 18 
7 52 1 2 4 4 6 6 19 
8 52 1 2 3 5 5 7 7 20 
9 52 1 2 3 4 6 6 8 8 21 
10 52 1 2 3 4 5 7 7 9 9 22 
1 53 53
2 53 1 54 
3 53 1 2 55 
4 53 1 2 3 56 
5 53 1 2 3 4 57 
6 53 1 2 3 4 5 58 
7 53 1 2 3 4 5 6 59 
8 53 1 2 3 4 5 6 7 60 
9 53 1 2 3 4 5 6 7 8 61 
10 53 1 2 3 4 5 6 7 8 9 62 
1 54 54 
2 54 6 10 
3 54 3 4 8 
4 54 3 4 5 5 
5 54 3 4 5 5 5 
6 54 1 4 5 6 6 6 
7 54 1 2 5 6 7 7 7 
8 54 1 2 3 6 7 8 8 8 
9 54 1 2 3 4 7 8 9 9 9 
10 54 1 2 3 4 5 8 9 10 10 10 
1 55 55 
2 55 5 12 
3 55 1 6 13 
4 55 1 2 7 14 
5 55 1 2 3 8 15 
6 55 1 2 3 4 9 16 
7 55 1 2 3 4 5 10 17 
8 55 1 2 3 4 5 6 11 18 
9 55 1 2 3 4 5 6 7 12 19 
10 55 1 2 3 4 5 6 7 8 13 20 
1 56 56 
2 56 8 8 
3 56 1 9 9 
4 56 1 2 10 10 
5 56 1 2 3 11 11 
6 56 1 2 3 4 12 12 
7 56 1 2 3 4 5 13 13 
8 56 1 2 3 4 5 6 14 14 
9 56 1 2 3 4 5 6 7 15 15 
10 56 1 2 3 4 5 6 7 8 16 16 
1 57 57 
2 57 3 20 
3 57 1 4 21 
4 57 1 2 5 22 
5 57 1 2 3 6 23 
6 57 1 2 3 4 7 24 
7 57 1 2 3 4 5 8 25 
8 57 1 2 3 4 5 6 9 26 
9 57 1 2 3 4 5 6 7 10 27 
10 57 1 2 3 4 5 6 7 8 11 28 
1 58 58 
2 58 2 30 
3 58 2 2 31 
4 58 1 3 3 32 
5 58 1 2 4 4 33 
6 58 1 2 3 5 5 34 
7 58 1 2 3 4 6 6 35 
8 58 1 2 3 4 5 7 7 36 
9 58 1 2 3 4 5 6 8 8 37 
10 58 1 2 3 4 5 6 7 9 9 38 
1 59 59
2 59 1 60 
3 59 1 2 61 
4 59 1 2 3 62 
5 59 1 2 3 4 63 
6 59 1 2 3 4 5 64 
7 59 1 2 3 4 5 6 65 
8 59 1 2 3 4 5 6 7 66 
9 59 1 2 3 4 5 6 7 8 67 
10 59 1 2 3 4 5 6 7 8 9 68 
1 60 60 
2 60 6 11 
3 60 5 5 5 
4 60 1 6 6 6 
5 60 1 2 7 7 7 
6 60 1 2 3 8 8 8 
7 60 1 2 3 4 9 9 9 
8 60 1 2 3 4 5 10 10 10 
9 60 1 2 3 4 5 6 11 11 11 
10 60 1 2 3 4 5 6 7 12 12 12 
1 61 61
2 61 1 62 
3 61 1 2 63 
4 61 1 2 3 64 
5 61 1 2 3 4 65 
6 61 1 2 3 4 5 66 
7 61 1 2 3 4 5 6 67 
8 61 1 2 3 4 5 6 7 68 
9 61 1 2 3 4 5 6 7 8 69 
10 61 1 2 3 4 5 6 7 8 9 70 
1 62 62 
2 62 2 32 
3 62 2 2 33 
4 62 1 3 3 34 
5 62 1 2 4 4 35 
6 62 1 2 3 5 5 36 
7 62 1 2 3 4 6 6 37 
8 62 1 2 3 4 5 7 7 38 
9 62 1 2 3 4 5 6 8 8 39 
10 62 1 2 3 4 5 6 7 9 9 40 
1 63 63 
2 63 7 10 
3 63 3 4 9 
4 63 1 4 5 10 
5 63 1 2 5 6 11 
6 63 1 2 3 6 7 12 
7 63 1 2 3 4 7 8 13 
8 63 1 2 3 4 5 8 9 14 
9 63 1 2 3 4 5 6 9 10 15 
10 63 1 2 3 4 5 6 7 10 11 16 
1 64 64 
2 64 8 9 
3 64 4 5 6 
4 64 2 3 6 7 
5 64 2 3 4 5 8 
6 64 2 3 4 5 6 7 
7 64 2 3 4 5 6 7 7 
8 64 2 3 4 5 6 6 8 8 
9 64 2 3 4 5 5 7 7 9 9 
10 64 2 3 4 4 6 6 8 8 10 10 
1 65 65 
2 65 5 14 
3 65 1 6 15 
4 65 1 2 7 16 
5 65 1 2 3 8 17 
6 65 1 2 3 4 9 18 
7 65 1 2 3 4 5 10 19 
8 65 1 2 3 4 5 6 11 20 
9 65 1 2 3 4 5 6 7 12 21 
10 65 1 2 3 4 5 6 7 8 13 22 
1 66 66 
2 66 6 12 
3 66 3 3 13 
4 66 3 3 3 14 
5 66 1 4 4 4 15 
6 66 1 2 5 5 5 16 
7 66 1 2 3 6 6 6 17 
8 66 1 2 3 4 7 7 7 18 
9 66 1 2 3 4 5 8 8 8 19 
10 66 1 2 3 4 5 6 9 9 9 20 
1 67 67
2 67 1 68 
3 67 1 2 69 
4 67 1 2 3 70 
5 67 1 2 3 4 71 
6 67 1 2 3 4 5 72 
7 67 1 2 3 4 5 6 73 
8 67 1 2 3 4 5 6 7 74 
9 67 1 2 3 4 5 6 7 8 75 
10 67 1 2 3 4 5 6 7 8 9 76 
1 68 68 
2 68 4 18 
3 68 2 3 19 
4 68 2 3 3 20 
5 68 2 2 4 4 21 
6 68 1 3 3 5 5 22 
7 68 1 2 4 4 6 6 23 
8 68 1 2 3 5 5 7 7 24 
9 68 1 2 3 4 6 6 8 8 25 
10 68 1 2 3 4 5 7 7 9 9 26 
1 69 69 
2 69 3 24 
3 69 1 4 25 
4 69 1 2 5 26 
5 69 1 2 3 6 27 
6 69 1 2 3 4 7 28 
7 69 1 2 3 4 5 8 29 
8 69 1 2 3 4 5 6 9 30 
9 69 1 2 3 4 5 6 7 10 31 
10 69 1 2 3 4 5 6 7 8 11 32 
1 70 70 
2 70 7 11 
3 70 2 6 9 
4 70 2 2 7 10 
5 70 1 3 3 8 11 
6 70 1 2 4 4 9 12 
7 70 1 2 3 5 5 10 13 
8 70 1 2 3 4 6 6 11 14 
9 70 1 2 3 4 5 7 7 12 15 
10 70 1 2 3 4 5 6 8 8 13 16 
1 71 71
2 71 1 72 
3 71 1 2 73 
4 71 1 2 3 74 
5 71 1 2 3 4 75 
6 71 1 2 3 4 5 76 
7 71 1 2 3 4 5 6 77 
8 71 1 2 3 4 5 6 7 78 
9 71 1 2 3 4 5 6 7 8 79 
10 71 1 2 3 4 5 6 7 8 9 80 
1 72 72 
2 72 9 9 
3 72 4 4 8 
4 72 3 5 5 5 
5 72 3 5 5 5 5 
6 72 1 4 6 6 6 6 
7 72 1 2 5 7 7 7 7 
8 72 1 2 3 6 8 8 8 8 
9 72 1 2 3 4 7 9 9 9 9 
10 72 1 2 3 4 5 8 10 10 10 10 
1 73 73
2 73 1 74 
3 73 1 2 75 
4 73 1 2 3 76 
5 73 1 2 3 4 77 
6 73 1 2 3 4 5 78 
7 73 1 2 3 4 5 6 79 
8 73 1 2 3 4 5 6 7 80 
9 73 1 2 3 4 5 6 7 8 81 
10 73 1 2 3 4 5 6 7 8 9 82 
1 74 74 
2 74 2 38 
3 74 2 2 39 
4 74 1 3 3 40 
5 74 1 2 4 4 41 
6 74 1 2 3 5 5 42 
7 74 1 2 3 4 6 6 43 
8 74 1 2 3 4 5 7 7 44 
9 74 1 2 3 4 5 6 8 8 45 
10 74 1 2 3 4 5 6 7 9 9 46 
1 75 75 
2 75 5 16 
3 75 3 6 7 
4 75 1 4 7 8 
5 75 1 2 5 8 9 
6 75 1 2 3 6 9 10 
7 75 1 2 3 4 7 10 11 
8 75 1 2 3 4 5 8 11 12 
9 75 1 2 3 4 5 6 9 12 13 
10 75 1 2 3 4 5 6 7 10 13 14 
1 76 76 
2 76 4 20 
3 76 2 3 21 
4 76 2 3 3 22 
5 76 2 2 4 4 23 
6 76 1 3 3 5 5 24 
7 76 1 2 4 4 6 6 25 
8 76 1 2 3 5 5 7 7 26 
9 76 1 2 3 4 6 6 8 8 27 
10 76 1 2 3 4 5 7 7 9 9 28 
1 77 77 
2 77 7 12 
3 77 1 8 13 
4 77 1 2 9 14 
5 77 1 2 3 10 15 
6 77 1 2 3 4 11 16 
7 77 1 2 3 4 5 12 17 
8 77 1 2 3 4 5 6 13 18 
9 77 1 2 3 4 5 6 7 14 19 
10 77 1 2 3 4 5 6 7 8 15 20 
1 78 78 
2 78 6 14 
3 78 3 3 15 
4 78 3 3 3 16 
5 78 1 4 4 4 17 
6 78 1 2 5 5 5 18 
7 78 1 2 3 6 6 6 19 
8 78 1 2 3 4 7 7 7 20 
9 78 1 2 3 4 5 8 8 8 21 
10 78 1 2 3 4 5 6 9 9 9 22 
1 79 79
2 79 1 80 
3 79 1 2 81 
4 79 1 2 3 82 
5 79 1 2 3 4 83 
6 79 1 2 3 4 5 84 
7 79 1 2 3 4 5 6 85 
8 79 1 2 3 4 5 6 7 86 
9 79 1 2 3 4 5 6 7 8 87 
10 79 1 2 3 4 5 6 7 8 9 88 
1 80 80 
2 80 8 11 
3 80 4 6 6 
4 80 2 3 7 7 
5 80 2 3 3 8 8 
6 80 2 2 4 4 9 9 
7 80 1 3 3 5 5 10 10 
8 80 1 2 4 4 6 6 11 11 
9 80 1 2 3 5 5 7 7 12 12 
10 80 1 2 3 4 6 6 8 8 13 13 
1 81 81 
2 81 9 10 
3 81 3 4 11 
4 81 3 4 5 6 
5 81 1 4 5 6 7 
6 81 1 2 5 6 7 8 
7 81 1 2 3 6 7 8 9 
8 81 1 2 3 4 7 8 9 10 
9 81 1 2 3 4 5 8 9 10 11 
10 81 1 2 3 4 5 6 9 10 11 12 
1 82 82 
2 82 2 42 
3 82 2 2 43 
4 82 1 3 3 44 
5 82 1 2 4 4 45 
6 82 1 2 3 5 5 46 
7 82 1 2 3 4 6 6 47 
8 82 1 2 3 4 5 7 7 48 
9 82 1 2 3 4 5 6 8 8 49 
10 82 1 2 3 4 5 6 7 9 9 50 
1 83 83
2 83 1 84 
3 83 1 2 85 
4 83 1 2 3 86 
5 83 1 2 3 4 87 
6 83 1 2 3 4 5 88 
7 83 1 2 3 4 5 6 89 
8 83 1 2 3 4 5 6 7 90 
9 83 1 2 3 4 5 6 7 8 91 
10 83 1 2 3 4 5 6 7 8 9 92 
1 84 84 
2 84 7 13 
3 84 2 8 8 
4 84 2 2 9 9 
5 84 1 3 3 10 10 
6 84 1 2 4 4 11 11 
7 84 1 2 3 5 5 12 12 
8 84 1 2 3 4 6 6 13 13 
9 84 1 2 3 4 5 7 7 14 14 
10 84 1 2 3 4 5 6 8 8 15 15 
1 85 85 
2 85 5 18 
3 85 1 6 19 
4 85 1 2 7 20 
5 85 1 2 3 8 21 
6 85 1 2 3 4 9 22 
7 85 1 2 3 4 5 10 23 
8 85 1 2 3 4 5 6 11 24 
9 85 1 2 3 4 5 6 7 12 25 
10 85 1 2 3 4 5 6 7 8 13 26 
1 86 86 
2 86 2 44 
3 86 2 2 45 
4 86 1 3 3 46 
5 86 1 2 4 4 47 
6 86 1 2 3 5 5 48 
7 86 1 2 3 4 6 6 49 
8 86 1 2 3 4 5 7 7 50 
9 86 1 2 3 4 5 6 8 8 51 
10 86 1 2 3 4 5 6 7 9 9 52 
1 87 87 
2 87 3 30 
3 87 1 4 31 
4 87 1 2 5 32 
5 87 1 2 3 6 33 
6 87 1 2 3 4 7 34 
7 87 1 2 3 4 5 8 35 
8 87 1 2 3 4 5 6 9 36 
9 87 1 2 3 4 5 6 7 10 37 
10 87 1 2 3 4 5 6 7 8 11 38 
1 88 88 
2 88 8 12 
3 88 2 5 13 
4 88 2 3 4 14 
5 88 2 3 4 4 15 
6 88 2 3 3 5 5 16 
7 88 2 2 4 4 6 6 17 
8 88 1 3 3 5 5 7 7 18 
9 88 1 2 4 4 6 6 8 8 19 
10 88 1 2 3 5 5 7 7 9 9 20 
1 89 89
2 89 1 90 
3 89 1 2 91 
4 89 1 2 3 92 
5 89 1 2 3 4 93 
6 89 1 2 3 4 5 94 
7 89 1 2 3 4 5 6 95 
8 89 1 2 3 4 5 6 7 96 
9 89 1 2 3 4 5 6 7 8 97 
10 89 1 2 3 4 5 6 7 8 9 98 
1 90 90 
2 90 10 10 
3 90 3 7 7 
4 90 1 4 8 8 
5 90 1 2 5 9 9 
6 90 1 2 3 6 10 10 
7 90 1 2 3 4 7 11 11 
8 90 1 2 3 4 5 8 12 12 
9 90 1 2 3 4 5 6 9 13 13 
10 90 1 2 3 4 5 6 7 10 14 14 
1 91 91 
2 91 7 14 
3 91 1 8 15 
4 91 1 2 9 16 
5 91 1 2 3 10 17 
6 91 1 2 3 4 11 18 
7 91 1 2 3 4 5 12 19 
8 91 1 2 3 4 5 6 13 20 
9 91 1 2 3 4 5 6 7 14 21 
10 91 1 2 3 4 5 6 7 8 15 22 
1 92 92 
2 92 4 24 
3 92 2 3 25 
4 92 2 3 3 26 
5 92 2 2 4 4 27 
6 92 1 3 3 5 5 28 
7 92 1 2 4 4 6 6 29 
8 92 1 2 3 5 5 7 7 30 
9 92 1 2 3 4 6 6 8 8 31 
10 92 1 2 3 4 5 7 7 9 9 32 
1 93 93 
2 93 3 32 
3 93 1 4 33 
4 93 1 2 5 34 
5 93 1 2 3 6 35 
6 93 1 2 3 4 7 36 
7 93 1 2 3 4 5 8 37 
8 93 1 2 3 4 5 6 9 38 
9 93 1 2 3 4 5 6 7 10 39 
10 93 1 2 3 4 5 6 7 8 11 40 
1 94 94 
2 94 2 48 
3 94 2 2 49 
4 94 1 3 3 50 
5 94 1 2 4 4 51 
6 94 1 2 3 5 5 52 
7 94 1 2 3 4 6 6 53 
8 94 1 2 3 4 5 7 7 54 
9 94 1 2 3 4 5 6 8 8 55 
10 94 1 2 3 4 5 6 7 9 9 56 
1 95 95 
2 95 5 20 
3 95 1 6 21 
4 95 1 2 7 22 
5 95 1 2 3 8 23 
6 95 1 2 3 4 9 24 
7 95 1 2 3 4 5 10 25 
8 95 1 2 3 4 5 6 11 26 
9 95 1 2 3 4 5 6 7 12 27 
10 95 1 2 3 4 5 6 7 8 13 28 
1 96 96 
2 96 8 13 
3 96 4 5 8 
4 96 4 5 5 5 
5 96 4 5 5 5 5 
6 96 2 3 6 6 6 6 
7 96 2 3 3 7 7 7 7 
8 96 2 2 4 4 8 8 8 8 
9 96 1 3 3 5 5 9 9 9 9 
10 96 1 2 4 4 6 6 10 10 10 10 
1 97 97
2 97 1 98 
3 97 1 2 99 
4 97 1 2 3 100 
5 97 1 2 3 4 101 
6 97 1 2 3 4 5 102 
7 97 1 2 3 4 5 6 103 
8 97 1 2 3 4 5 6 7 104 
9 97 1 2 3 4 5 6 7 8 105 
10 97 1 2 3 4 5 6 7 8 9 106 
1 98 98 
2 98 7 15 
3 98 2 8 9 
4 98 2 2 9 10 
5 98 1 3 3 10 11 
6 98 1 2 4 4 11 12 
7 98 1 2 3 5 5 12 13 
8 98 1 2 3 4 6 6 13 14 
9 98 1 2 3 4 5 7 7 14 15 
10 98 1 2 3 4 5 6 8 8 15 16 
1 99 99 
2 99 9 12 
3 99 3 4 13 
4 99 1 4 5 14 
5 99 1 2 5 6 15 
6 99 1 2 3 6 7 16 
7 99 1 2 3 4 7 8 17 
8 99 1 2 3 4 5 8 9 18 
9 99 1 2 3 4 5 6 9 10 19 
10 99 1 2 3 4 5 6 7 10 11 20 
1 100 100 
2 100 10 11 
3 100 5 6 6 
4 100 1 6 7 7 
5 100 1 2 7 8 8 
6 100 1 2 3 8 9 9 
7 100 1 2 3 4 9 10 10 
8 100 1 2 3 4 5 10 11 11 
9 100 1 2 3 4 5 6 11 12 12 
10 100 1 2 3 4 5 6 7 12 13 13 
1 101 101
2 101 1 102 
